0
0
0
0
0
0
0
0
0
0
0
0
0
0
0
0
0
0
0
0
0
0
0
0
0
0
0
0
0
0
0
0
0
0
0
0
0
0
0
0
0
0
0
0
0
0
0
0
0
0
0
0
0
0
0
0
0
0
0
0
0
0
0
0
0
0
25
18.5
15
10.75
8
5.25
2.75
0.75
0.5
0.25
0
0
0
0
0
0
0
0
0
0
0
0
0
0
0
0
0
0
0
0
0
0
0
0
0
0
0
0
0
0
0
0
0
0
0
0
0
0
0
0
0
0
0
19
13
11.3333
10
8.75
6.5
3.75
1.25
0.25
0.5
2.25
4
5
5.28571
4.625
3.5
2.75
2.125
1.5
1.25
0.75
0.25
0
0
0
0.1
0.272727
0.416667
0.416667
0.333333
0.166667
0
0
0
0
0
0
0
0
0
0
0
0
0
0
0
0
0
0
0
0
0
0
0
0
0
0
0
0
0
0
0
0
0
0
13
11
7
7
10
9.5
10.75
10.75
9.25
7.25
5.5
3.8
3.66667
3.85714
3.875
3.5
2.625
1.5
0.5
0.125
0.125
0.625
1.55556
2.1
2.36364
2.16667
1.58333
1.58333
1.66667
1.75
1.66667
1.08333
0.5
0.0833333
0
0
0.285714
0.6
0.875
0.9375
0.6875
0.375
0.0625
0
0
0
0
0
0
0
0
0
0
0
0
0
0
0
0
0
0
0
0
0
0
0
0
0
0
0
0
0
0
0
0
0
38
